Критерий Граббса для нормального распределения
---------------------------------------------
Размер выборки n      = 31
state                 = 0
Уровень значимости ?  = 0.050000

Истинные параметры распределения (использовались при генерации):
a (мат. ожидание)     = 4.638966
s (СКО)               = 1.038728

Выборка:
x[0] = 4.877156
x[1] = 3.520308
x[2] = 5.392755
x[3] = 5.059523
x[4] = 4.384021
x[5] = 3.926060
x[6] = 6.417499
x[7] = 3.606422
x[8] = 5.876909
x[9] = 3.764252
x[10] = 5.623763
x[11] = 4.897106
x[12] = 5.045932
x[13] = 55.000000
x[14] = 5.663984
x[15] = 4.768305
x[16] = 4.989621
x[17] = 3.532576
x[18] = 4.911309
x[19] = 6.164558
x[20] = 4.016257
x[21] = 4.520511
x[22] = 3.821172
x[23] = 5.113587
x[24] = 4.957232
x[25] = 5.015387
x[26] = 2.549360
x[27] = 2.713044
x[28] = 4.890801
x[29] = 4.585743
x[30] = 4.734893

Оценки по выборке:
Среднее значение           = 6.269034
Стандартное отклонение     = 9.089783
Наблюдаемая статистика u   = 5.361071
Критическое значение u_alpha   = 2.923571

Вывод: u > u_?, нулевая гипотеза отвергается (в выборке есть подозрительный выброс).
